[49.1234218333,9.21006966667],
[49.1234218333,9.21006966667],
[49.1234223333,9.2100695],
[49.1234221667,9.21006933333],
[49.1234218333,9.21006916667],
[49.123422,9.21006866667],
[49.1234223333,9.21006816667],
[49.123423,9.2100675],
[49.1234243333,9.210067],
[49.1234261667,9.210067],
[49.1234293333,9.21006583333],
[49.1234353333,9.21006433333],
[49.123443,9.210063],
[49.123451,9.21006366667],
[49.1234578333,9.21006516667],
[49.1234646667,9.21006866667],
[49.1234728333,9.21007433333],
[49.1234793333,9.21008133333],
[49.1234818333,9.210086],
[49.1234821667,9.21008733333],
[49.1234818333,9.21008433333],
[49.1234805,9.21007483333],
[49.1234796667,9.2100575],
[49.1234803333,9.21003266667],
[49.1234823333,9.21000233333],
[49.123485,9.20996733333],
[49.123488,9.20992983333],
[49.123491,9.20989033333],
[49.1234945,9.20984966667],
[49.1234983333,9.20980683333],
[49.1235023333,9.209761],
[49.123506,9.20971466667],
[49.1235095,9.20966983333],
[49.1235131667,9.20962516667],
[49.1235168333,9.209578],
[49.1235205,9.20952883333],
[49.123524,9.20947866667],
[49.1235271667,9.2094275],
[49.12353,9.20937616667],
[49.1235326667,9.20932433333],
[49.1235355,9.20927183333],
[49.1235381667,9.20921966667],
[49.1235413333,9.2091675],
[49.1235446667,9.20911483333],
[49.123548,9.2090625],
[49.1235518333,9.20901116667],
[49.1235555,9.20895916667],
[49.1235591667,9.20890566667],
[49.1235626667,9.20885116667],
[49.1235658333,9.208797],
[49.1235686667,9.20874366667],
[49.1235711667,9.20869116667],
[49.1235733333,9.2086405],
[49.1235751667,9.208592],
[49.1235758333,9.20854633333],
[49.1235753333,9.208503],
[49.1235738333,9.208463],
[49.123571,9.20842516667],
[49.1235665,9.20838933333],
[49.1235616667,9.20835533333],
[49.1235576667,9.20832183333],
[49.1235551667,9.208288],
[49.1235536667,9.20825183333],
[49.1235546667,9.208211],
[49.1235558333,9.20818366667],
[49.1235563333,9.20817333333],
[49.1235573333,9.20816733333],
[49.123558,9.2081555],
[49.1235588333,9.20813116667],
[49.1235606667,9.208092],
[49.1235626667,9.20804416667],
[49.1235645,9.20799266667],
[49.1235658333,9.20794016667],
[49.1235678333,9.20788583333],
[49.1235698333,9.20783083333],
[49.1235713333,9.2077755],
[49.1235725,9.20772116667],
[49.1235748333,9.20766683333],
[49.1235771667,9.20761583333],
[49.1235801667,9.20756916667],
[49.123584,9.207529],
[49.1235885,9.207495],
[49.1235921667,9.20746883333],
[49.1235966667,9.2074445],
[49.123602,9.207421],
[49.1236066667,9.20740616667],
[49.12361,9.20739783333],
[49.1236116667,9.207392],
[49.1236133333,9.20738583333],
[49.1236161667,9.20737483333],
[49.1236198333,9.20735783333],
[49.1236223333,9.2073345],
[49.1236213333,9.20730533333],
[49.1236133333,9.20727083333],
[49.1235948333,9.20723683333],
[49.1235695,9.20720433333],
[49.1235375,9.20717766667],
[49.1235098333,9.20715266667],
[49.1234838333,9.20713183333],
[49.1234598333,9.20711966667],
[49.1234356667,9.2071025],
[49.1234156667,9.207079],
[49.1234008333,9.207047],
[49.1233931667,9.20700633333],
[49.1233886667,9.2069585],
[49.1233878333,9.2069085],
[49.1233873333,9.20685516667],
[49.1233843333,9.20679616667],
[49.1233843333,9.20673533333],
[49.1233835,9.20666916667],
[49.1233813333,9.206592],
[49.1233781667,9.20651],
[49.1233738333,9.20642633333],
[49.123369,9.206348],
[49.123364,9.206275],
[49.1233578333,9.20620216667],
[49.1233526667,9.20613216667],
[49.1233451667,9.20606216667],
[49.1233333333,9.2059945],
[49.1233201667,9.205928],
[49.1233075,9.20586316667],
[49.1232945,9.20579633333],
[49.1232803333,9.20572566667],
[49.1232651667,9.205651],
[49.1232491667,9.205573],
[49.1232336667,9.2054945],
[49.1232168333,9.2054145],
[49.1232008333,9.2053335],
[49.1231853333,9.205251],
[49.1231693333,9.20516716667],
[49.1231526667,9.20508366667],
[49.1231353333,9.205001],
[49.1231173333,9.20491916667],
[49.1230985,9.20483816667],
[49.1230805,9.20475716667],
[49.1230635,9.20467666667],
[49.1230478333,9.2045965],
[49.123033,9.20451883333],
[49.1230205,9.20444483333],
[49.123011,9.20437716667],
[49.1230025,9.20431683333],
[49.1229966667,9.20426533333],
[49.1229953333,9.20422266667],
[49.123,9.20418616667],
[49.1230108333,9.20415516667],
[49.123032,9.20412516667],
[49.1230658333,9.20409683333],
[49.1231105,9.20406983333],
[49.1231605,9.204041],
[49.123213,9.20401216667],
[49.1232678333,9.20398133333],
[49.1233233333,9.20395033333],
[49.1233781667,9.2039175],
[49.123432,9.20388483333],
[49.1234823333,9.20385183333],
[49.1235301667,9.2038195],
[49.1235763333,9.20378833333],
[49.1236223333,9.20375633333],
[49.12367,9.20372233333],
[49.1237183333,9.20368766667],
[49.123767,9.203653],
[49.1238133333,9.20362183333],
[49.1238546667,9.20359166667],
[49.1238921667,9.2035615],
[49.1239271667,9.20353116667],
[49.1239625,9.20350333333],
[49.1239968333,9.20348016667],
[49.1240268333,9.20346116667],
[49.1240485,9.20344816667],
[49.1240601667,9.203441],
[49.124063,9.2034395],
[49.1240631667,9.20343966667],
[49.1240635,9.20343966667],
[49.1240638333,9.20343966667],
[49.124064,9.20343933333],
[49.1240645,9.20343933333],
[49.124065,9.20343916667],
[49.1240656667,9.20343916667],
[49.1240663333,9.203439],
[49.1240673333,9.20343816667],
[49.1240691667,9.20343733333],
[49.1240786667,9.20342766667],
[49.1240978333,9.20341266667],
[49.1241218333,9.20339633333],
[49.124148,9.2033795],
[49.1241746667,9.203361],
[49.1242021667,9.20334483333],
[49.1242286667,9.20333],
[49.1242546667,9.2033145],
[49.1242846667,9.20329716667],
[49.1243186667,9.203279],
[49.124355,9.20325816667],
[49.1243906667,9.20323533333],
[49.1244295,9.20321266667],
[49.1244723333,9.20318633333],
[49.1245188333,9.20315733333],
[49.1245671667,9.20312716667],
[49.1246168333,9.2030945],
[49.1246676667,9.20306183333],
[49.124719,9.20302783333],
[49.1247708333,9.2029935],
[49.1248226667,9.202959],
[49.124876,9.202924],
[49.1249295,9.202889],
[49.1249841667,9.20285316667],
[49.1250395,9.20281666667],
[49.1250948333,9.2027805],
[49.1251511667,9.2027465],
[49.1252055,9.2027135],
[49.1252561667,9.202683],
[49.1253043333,9.20265216667],
[49.125349,9.20262183333],
[49.1253945,9.20259166667],
[49.1254421667,9.2025615],
[49.1254893333,9.2025315],
[49.1255363333,9.20250083333],
[49.1255818333,9.20247116667],
[49.125625,9.202445],
[49.1256645,9.20241766667],
[49.1257018333,9.20238833333],
[49.125739,9.20236283333],
[49.1257705,9.20234466667],
[49.1257941667,9.20233033333],
[49.1258096667,9.20232016667],
[49.1258205,9.20231333333],
[49.1258266667,9.20230916667],
[49.1258281667,9.20230833333],
[49.125828,9.2023085],
[49.1258276667,9.20230866667],
[49.1258278333,9.202309],
[49.1258316667,9.202307],
[49.1258413333,9.20230066667],
[49.1258558333,9.20229116667],
[49.1258691667,9.20228266667],
[49.1258743333,9.20228016667],
[49.1258755,9.20228133333],
[49.1258766667,9.20228333333],
[49.125883,9.20228166667],
[49.125892,9.20227633333],
[49.1259013333,9.20226933333],
[49.125912,9.2022625],
[49.1259236667,9.202255],
[49.1259335,9.20225033333],
[49.1259396667,9.2022465],
[49.1259461667,9.202243],
[49.1259508333,9.20224016667],
[49.1259536667,9.2022395],
[49.1259545,9.20223966667],
[49.1259568333,9.20224],
[49.1259588333,9.20224083333],
[49.12596,9.20224083333],
[49.1259611667,9.20224033333],
[49.1259671667,9.20223816667],
[49.1259728333,9.2022355],
[49.125981,9.20223066667],
[49.125996,9.20222816667],
[49.1260148333,9.202231],
[49.1260368333,9.20224366667],
[49.1260605,9.20227233333],
[49.1260811667,9.202313],
[49.1261013333,9.20236183333],
[49.126126,9.20242733333],
[49.1261506667,9.20250716667],
[49.1261796667,9.20259616667],
[49.1262065,9.2026875],
[49.126235,9.20277966667],
[49.1262671667,9.20287233333],
[49.1262936667,9.2029525],
[49.1263183333,9.20301983333],
[49.1263406667,9.2030825],
[49.1263621667,9.203136],
[49.1263843333,9.203195],
[49.1264006667,9.2032495],
[49.1264156667,9.2032995],
[49.1264271667,9.20334166667],
[49.1264385,9.20337266667],
[49.1264483333,9.2033955],
[49.1264525,9.20341],
[49.1264541667,9.2034135],
[49.1264555,9.20341466667],
[49.1264556667,9.20341583333],
[49.126456,9.203417],
[49.1264575,9.203417],
[49.1264581667,9.2034175],
[49.1264596667,9.2034175],
[49.1264608333,9.20341733333],
[49.1264616667,9.20341733333],
[49.1264626667,9.20341716667],
[49.1264636667,9.203417],
[49.1264646667,9.20341633333],
[49.126465,9.2034165],
[49.1264658333,9.20341666667],
[49.1264665,9.20341733333],
[49.1264668333,9.20341816667],
[49.1264668333,9.20341933333],
[49.1264668333,9.2034205],
[49.1264671667,9.20342183333],
[49.1264675,9.20342283333],
[49.1264675,9.20342383333],
[49.1264675,9.20342516667],
[49.1264673333,9.20342616667],
[49.1264673333,9.203427],
[49.1264676667,9.20342733333],
[49.1264673333,9.20342816667],
[49.1264678333,9.20343033333],
[49.1264681667,9.20343233333],
[49.1264683333,9.2034345],
[49.1264701667,9.20344066667],
[49.1264763333,9.20346083333],
[49.1264883333,9.20349933333],
[49.1265025,9.20354783333],
[49.1265185,9.20360333333],
[49.1265406667,9.2036725],
[49.1265696667,9.20376016667],
[49.1266041667,9.203865],
[49.1266393333,9.20397183333],
[49.126677,9.20408583333],
[49.1267185,9.20421133333],
[49.1267631667,9.20434883333],
[49.1268116667,9.204497],
[49.1268646667,9.2046555],
[49.1269165,9.20481666667],
[49.12697,9.20497833333],
[49.127024,9.2051445],
[49.1270793333,9.20531283333],
[49.1271355,9.2054815],
[49.1271911667,9.20565066667],
[49.127247,9.205819],
[49.1273023333,9.2059885],
[49.12736,9.20616],
[49.1274163333,9.20633316667],
[49.1274733333,9.20650783333],
[49.12753,9.20668316667],
[49.1275883333,9.20685916667],
[49.1276476667,9.20703483333],
[49.1277071667,9.20721116667],
[49.1277665,9.20738883333],
[49.127825,9.20756816667],
[49.1278823333,9.20774583333],
[49.1279395,9.20792083333],
[49.1279966667,9.2080955],
[49.1280535,9.2082695],
[49.1281111667,9.20844316667],
[49.1281673333,9.20861516667],
[49.1282235,9.20878383333],
[49.1282766667,9.208949],
[49.128329,9.20911183333],
[49.1283793333,9.2092705],
[49.128429,9.2094275],
[49.1284753333,9.2095805],
[49.1285205,9.20973116667],
[49.1285651667,9.20987933333],
[49.1286128333,9.21002716667],
[49.1286593333,9.21017783333],
[49.1287063333,9.21033066667],
[49.128755,9.2104855],
[49.1288056667,9.21064183333],
[49.1288571667,9.21079883333],
[49.1289103333,9.210955],
[49.1289618333,9.21110983333],
[49.1290148333,9.2112635],
[49.129068,9.21141533333],
[49.1291248333,9.2115675],
[49.1291821667,9.21172066667],
[49.1292383333,9.21187633333],
[49.1292923333,9.21203566667],
[49.1293471667,9.21219733333],
[49.1294016667,9.21236083333],
[49.1294561667,9.212526],
[49.1295111667,9.21269166667],
[49.1295668333,9.21285783333],
[49.1296213333,9.213025],
[49.1296765,9.21319333333],
[49.1297326667,9.213361],
[49.1297888333,9.213525],
[49.129847,9.21368416667],
[49.1299101667,9.21383883333],
[49.1299781667,9.21398966667],
[49.1300496667,9.21413833333],
[49.1301215,9.21428416667],
[49.1301943333,9.2144295],
[49.130267,9.21457616667],
[49.1303405,9.21472383333],
[49.1304135,9.21487216667],
[49.1304885,9.21502116667],
[49.1305628333,9.21517233333],
[49.1306373333,9.21532433333],
[49.1307118333,9.2154755],
[49.1307863333,9.215626],
[49.130861,9.21577583333],
[49.1309351667,9.21592433333],
[49.1310085,9.21607133333],
[49.1310808333,9.21621733333],
[49.1311528333,9.21636033333],
[49.1312246667,9.21650016667],
[49.131292,9.2166335],
[49.1313546667,9.21675816667],
[49.1314138333,9.21687716667],
[49.1314693333,9.216992],
[49.1315206667,9.21709916667],
[49.131563,9.217189],
[49.1315951667,9.217257],
[49.1316183333,9.21730816667],
[49.1316325,9.2173485],
[49.131644,9.21737683333],
[49.1316495,9.21739],
[49.1316495,9.21739466667],
[49.1316451667,9.2173985],
[49.1316405,9.217403],
[49.1316385,9.21740566667],
[49.1316361667,9.217409],
[49.1316343333,9.217412],
[49.1316328333,9.21741566667],
[49.1316346667,9.217418],
[49.1316355,9.21742],
[49.1316363333,9.2174215],
[49.1316433333,9.21742316667],
[49.1316436667,9.21742466667],
[49.131644,9.21742616667],
[49.1316448333,9.21742783333],
[49.1316451667,9.2174295],
[49.1316455,9.21743116667],
[49.1316456667,9.21743266667],
[49.1316453333,9.2174345],
[49.1316453333,9.21743566667],
[49.1316448333,9.21743683333],
[49.1316456667,9.2174375],
[49.1316451667,9.21743783333],
[49.1316446667,9.21743783333],
[49.1316443333,9.2174385],
[49.1316441667,9.21743916667],
[49.131645,9.21743983333],
[49.1316453333,9.21744116667],
[49.1316456667,9.21744216667],
[49.131646,9.217443],
[49.1316465,9.21744383333],
[49.1316468333,9.21744483333],
[49.131647,9.2174455],
[49.131647,9.21744583333],
[49.1316466667,9.21744666667],
[49.131647,9.21744716667],
[49.1316471667,9.21744783333],
[49.1316481667,9.21744916667],
[49.1316486667,9.21745066667],
[49.1316485,9.21745216667],
[49.1316483333,9.21745383333],
[49.1316478333,9.21745583333],
[49.1316478333,9.21745783333],
[49.1316478333,9.21745933333],
[49.1316481667,9.21746083333],
[49.1316485,9.21746233333],
[49.1316506667,9.21746316667],
[49.131654,9.217462],
[49.1316585,9.21746916667],
[49.1316691667,9.217491],
[49.1316868333,9.21752666667],
[49.1317066667,9.2175705],
[49.1317298333,9.2176215],
[49.1317556667,9.21768383333],
[49.1317755,9.21775883333],
[49.1318001667,9.21783983333],
[49.1318243333,9.217925],
[49.1318443333,9.21801166667],
[49.1318641667,9.218103],
[49.1318801667,9.2181975],
[49.1318958333,9.21829583333],
[49.1319106667,9.21839816667],
[49.131925,9.218509],
[49.1319383333,9.2186315],
[49.1319493333,9.218762],
[49.131959,9.21889233333],
[49.1319676667,9.2190215],
[49.131973,9.21915],
[49.131975,9.21928066667],
[49.1319828333,9.21940883333],
[49.1319943333,9.2195285],
[49.1320111667,9.21964516667],
[49.132031,9.21975416667],
[49.1320596667,9.2198545],
[49.132104,9.21994516667],
[49.1321611667,9.22002066667],
[49.1322301667,9.220073],
[49.1323025,9.220105],
[49.1323765,9.22012516667],
[49.1324486667,9.22013916667],
[49.1325246667,9.2201555],
[49.1326033333,9.22017283333],
[49.1326875,9.22019233333],
[49.1327776667,9.22021416667],
[49.1328663333,9.22023583333],
[49.132953,9.2202535],
[49.133037,9.220269],
[49.1331196667,9.22028566667],
[49.1331988333,9.2203],
[49.1332741667,9.22030983333],
[49.1333456667,9.22032316667],
[49.133407,9.22033516667],
[49.1334578333,9.22034483333],
[49.133502,9.22035516667],
[49.1335341667,9.22036133333],
[49.1335588333,9.220367],
[49.133577,9.22037116667],
[49.1335893333,9.22037383333],
[49.1335888333,9.22037433333],
[49.1335908333,9.22037466667],
[49.133597,9.22037566667],
[49.1336016667,9.22037633333],
[49.133606,9.22037716667],
[49.133612,9.22037816667],
[49.133624,9.22037983333],
[49.1336451667,9.22038333333],
[49.133675,9.22038816667],
[49.1337086667,9.22039333333],
[49.1337418333,9.22039966667],
[49.1337788333,9.22040633333],
[49.1338236667,9.22041483333],
[49.1338746667,9.2204255],
[49.1339305,9.22043783333],
[49.133985,9.2204505],
[49.1340365,9.22046316667],
[49.1340846667,9.22047533333],
[49.1341303333,9.22048766667],
[49.1341773333,9.22049883333],
[49.134228,9.22051],
[49.134284,9.22052316667],
[49.1343433333,9.2205375],
[49.1344061667,9.2205535],
[49.1344731667,9.22057116667],
[49.134545,9.22059033333],
[49.13462,9.22061016667],
[49.1346963333,9.220629],
[49.1347735,9.2206475],
[49.1348536667,9.22066783333],
[49.134936,9.22068683333],
[49.1350188333,9.22070516667],
[49.1351025,9.220724],
[49.1351853333,9.22074366667],
[49.1352678333,9.22076433333],
[49.1353485,9.220783],
[49.1354286667,9.22080033333],
[49.1355075,9.22081766667],
[49.135586,9.2208365],
[49.1356643333,9.2208545],
[49.135743,9.2208735],
[49.1358126667,9.22088916667],
[49.1358596667,9.22089966667],
[49.1358853333,9.2209065],
[49.1358945,9.22090766667],
[49.135896,9.2209065],
[49.1358958333,9.22090583333],
[49.1358958333,9.220905],
[49.1358963333,9.2209035],
[49.1358968333,9.220903],
[49.1358976667,9.22090166667],
[49.135898,9.220901],
[49.135898,9.2209],
[49.1358978333,9.22089916667],
[49.1358971667,9.2208985],
[49.1358973333,9.220897],
[49.1358971667,9.22089633333],
[49.1358971667,9.22089583333],
[49.135897,9.22089616667],
[49.135897,9.22089583333],
[49.1358968333,9.22089516667],
[49.1358965,9.220895],
[49.1358981667,9.22089633333],
[49.1359038333,9.220898],
[49.1359196667,9.22090033333],
[49.1359481667,9.220907],
[49.135987,9.22091683333],
[49.1360293333,9.22092883333],
[49.1360811667,9.2209415],
[49.136142,9.220955],
[49.1362108333,9.22097133333],
[49.1362848333,9.22098916667],
[49.13636,9.2210075],
[49.1364343333,9.22102583333],
[49.1365096667,9.221044],
[49.1365835,9.2210615],
[49.1366566667,9.22107616667],
[49.1367271667,9.22109183333],
[49.1367948333,9.2211065],
[49.1368566667,9.2211205],
[49.1369153333,9.221134],
[49.1369753333,9.22115133333],
[49.1370331667,9.221165],
[49.1370893333,9.22117983333],
[49.1371408333,9.22119516667],
[49.1371831667,9.22120433333],
[49.1372178333,9.22121266667],
[49.1372468333,9.2212195],
[49.137265,9.2212225],
[49.1372755,9.22122533333],
[49.1372763333,9.22122616667],
[49.1372765,9.22122716667],
[49.1372768333,9.22122766667],
[49.137277,9.22122783333],
[49.1372773333,9.22122816667],
[49.1372776667,9.22122833333],
[49.137277,9.22122866667],
[49.1372766667,9.22122933333],
[49.1372765,9.22123],
[49.1372761667,9.22123016667],
[49.1372756667,9.22123033333],
[49.1372751667,9.22123033333],
[49.1372748333,9.2212305],
[49.1372743333,9.2212305],
[49.1372736667,9.22123016667],
[49.137273,9.22123033333],
[49.1372725,9.22123016667],
[49.1372713333,9.22123016667],
[49.13727,9.22123066667],
[49.1372688333,9.22123433333],
[49.1372678333,9.22123683333],
[49.1372668333,9.22123783333],
[49.1372658333,9.221238],
[49.1372648333,9.221239],
[49.1372638333,9.22124],
[49.1372628333,9.221241],
[49.1372623333,9.22124083333],
[49.137262,9.22124033333],
[49.1372613333,9.22123933333],
[49.1372606667,9.22123783333],
[49.1372596667,9.22123666667],
[49.1372588333,9.2212355],
[49.1372586667,9.22123416667],
[49.1372596667,9.22123416667],
[49.1372676667,9.221236],
[49.1372888333,9.22123916667],
[49.1373236667,9.22124433333],
[49.1373628333,9.2212505],
[49.1374081667,9.22125633333],
[49.137461,9.22126083333],
[49.1375183333,9.221262],
[49.1375771667,9.22126083333],
[49.1376355,9.22125783333],
[49.1376943333,9.22125283333],
[49.1377536667,9.22124766667],
[49.1378108333,9.22124183333],
[49.137868,9.22123583333],
[49.1379228333,9.22122966667],
[49.1379751667,9.22122383333],
[49.1380253333,9.22121916667],
[49.1380748333,9.2212125],
[49.1381258333,9.22120716667],
[49.1381766667,9.22120266667],
[49.1382271667,9.22119816667],
[49.138278,9.2211935],
[49.1383295,9.22118716667],
[49.1383835,9.22118083333],
[49.1384395,9.22117516667],
[49.1385008333,9.22116816667],
[49.1385668333,9.22116533333],
[49.1386346667,9.221159],
[49.1387048333,9.22115333333],
[49.1387753333,9.22114633333],
[49.1388463333,9.221143],
[49.1389181667,9.2211365],
[49.1389936667,9.22113016667],
[49.1390716667,9.22112233333],
[49.1391495,9.22111166667],
[49.1392273333,9.22110183333],
[49.1393043333,9.22109283333],
[49.1393806667,9.221085],
[49.1394563333,9.22107966667],
[49.1395328333,9.2210755],
[49.139609,9.2210765],
[49.1396848333,9.22108633333],
[49.1397601667,9.2211045],
[49.1398341667,9.2211375],
[49.1399045,9.22118166667],
[49.1399756667,9.22123933333],
[49.1400508333,9.22131316667],
[49.1401265,9.221395],
[49.1402056667,9.22148716667],
[49.1402856667,9.2215805],
[49.1403646667,9.2216725],
[49.140443,9.221759],
[49.1405231667,9.22183766667],
[49.1406076667,9.22190233333],
[49.1406966667,9.221954],
[49.1407891667,9.22199866667],
[49.140883,9.22204416667],
[49.14098,9.22208283333],
[49.141079,9.22212533333],
[49.1411771667,9.22216433333],
[49.1412745,9.222202],
[49.1413708333,9.22224016667],
[49.1414661667,9.222276],
[49.1415603333,9.22231016667],
[49.14165,9.22233883333],
[49.1417361667,9.22236083333],
[49.1418208333,9.222381],
[49.1419056667,9.2224015],
[49.1419911667,9.222422],
[49.1420768333,9.2224435],
[49.142157,9.22246483333],
[49.1422233333,9.22248066667],
[49.1422736667,9.22249216667],
[49.1423131667,9.22250183333],
[49.1423456667,9.22251016667],
[49.1423696667,9.22251616667],
[49.1423858333,9.22252016667],
[49.142395,9.22252233333],
[49.1424003333,9.22252316667],
[49.1424051667,9.22252416667],
[49.1424148333,9.22252616667],
[49.142428,9.22252883333],
[49.142441,9.222532],
[49.142452,9.22253483333],
[49.1424621667,9.22253733333],
[49.1424731667,9.22254],
[49.1424835,9.222542],
[49.1424905,9.22254333333],
[49.142494,9.22254466667],
[49.1424945,9.22254483333],
[49.1424943333,9.2225445],
[49.1424941667,9.222544],
[49.142494,9.22254366667],
[49.1424938333,9.2225435],
[49.1424936667,9.22254316667],
[49.1424935,9.22254283333],
[49.1424935,9.2225425],
[49.1424936667,9.22254233333],
[49.1424938333,9.222542],
[49.142494,9.22254166667],
[49.1424941667,9.22254133333],
[49.1424943333,9.22254083333],
[49.1424941667,9.2225405],
[49.1424941667,9.22254],
[49.142494,9.22253933333],
[49.1424943333,9.22253783333],
[49.1424958333,9.22253783333],
[49.1424978333,9.22253933333],
[49.1425018333,9.22254016667],
[49.1425165,9.22254333333],
[49.1425401667,9.222549],
[49.1425698333,9.22255733333],
[49.1426066667,9.22256666667],
[49.1426463333,9.222577],
[49.1426901667,9.2225895],
[49.1427391667,9.22260283333],
[49.1427951667,9.222618],
[49.142854,9.22263383333],
[49.1429045,9.222648],
[49.1429468333,9.22265966667],
[49.1429856667,9.22266966667],
[49.1430225,9.22267833333],
[49.1430566667,9.22268666667],
[49.1430873333,9.22269483333],
[49.1431161667,9.22270216667],
[49.1431475,9.22270966667],
[49.1431833333,9.2227185],
[49.1432185,9.22272766667],
[49.1432563333,9.2227375],
[49.1432995,9.2227495],
[49.143348,9.22276233333],
[49.1434018333,9.22277666667],
[49.1434571667,9.22279183333],
[49.1435153333,9.22280666667],
[49.1435763333,9.2228215],
[49.1436358333,9.222836],
[49.1436916667,9.22284933333],
[49.1437446667,9.22286183333],
[49.1437958333,9.22287266667],
[49.143839,9.22288166667],
[49.1438681667,9.22289],
[49.1438898333,9.22289566667],
[49.1439098333,9.22290233333],
[49.1439265,9.22290433333],
[49.1439438333,9.22291166667],
[49.1439663333,9.22291683333],
[49.1439983333,9.22292433333],
[49.1440401667,9.22293483333],
[49.1440926667,9.222948],
[49.1441511667,9.22296183333],
[49.1442148333,9.2229775],
[49.1442816667,9.22299466667],
[49.1443466667,9.22301266667],
[49.1444028333,9.223028],
[49.1444518333,9.22304116667],
[49.1444896667,9.22305133333],
[49.1445143333,9.22305816667],
[49.1445293333,9.223063],
[49.1445383333,9.22306983333],
[49.1445431667,9.2230715],
[49.1445458333,9.223072],
[49.1445465,9.22307283333],
[49.1445465,9.2230735],
[49.1445475,9.22307466667],
[49.1445483333,9.22307483333],
[49.1445488333,9.22307616667],
[49.1445508333,9.22307966667],
[49.14455,9.2230795],
[49.1445495,9.22307983333],
[49.1445491667,9.2230805],
[49.1445488333,9.22308133333],
[49.1445483333,9.2230815],
[49.1445476667,9.22308166667],
[49.1445471667,9.22308183333],
[49.1445468333,9.22308216667],
[49.1445465,9.22308233333],
[49.1445463333,9.22308216667],
[49.1445466667,9.223082],
[49.1445475,9.22308083333],
[49.1445476667,9.22308083333],
[49.1445541667,9.22308266667],
[49.1445718333,9.22308733333],
[49.1445928333,9.22309533333],
[49.1446086667,9.2231005],
[49.144618,9.22310166667],
[49.1446206667,9.22310216667],
[49.1446203333,9.22309866667],
[49.1446196667,9.223096],
[49.144619,9.22309366667],
[49.144618,9.223092],
[49.144617,9.22309083333],
[49.1446161667,9.22309016667],
[49.1446155,9.22308983333],
[49.1446151667,9.22308983333],
[49.1446145,9.22308983333],
[49.1446145,9.22309016667],
[49.1446141667,9.22309016667],
[49.1446138333,9.22308966667],
[49.1446135,9.22308833333],
[49.1446191667,9.2230885],
[49.1446371667,9.2230925],
[49.1446691667,9.223102],
[49.1447083333,9.22311483333],
[49.1447515,9.22312816667],
[49.1448018333,9.22314283333],
[49.1448586667,9.2231595],
[49.1449205,9.22317816667],
[49.1449853333,9.22319616667],
[49.14505,9.2232135],
[49.1451111667,9.2232305],
[49.1451661667,9.22324616667],
[49.1452131667,9.22325983333],
[49.1452553333,9.2232715],
[49.1452931667,9.22328233333],
[49.1453286667,9.22329166667],
[49.1453606667,9.2233005],
[49.145391,9.22330833333],
[49.1454243333,9.22331716667],
[49.1454595,9.22332633333],
[49.1454948333,9.22333566667],
[49.1455273333,9.22334416667],
[49.1455565,9.22335183333],
[49.1455823333,9.223359],
[49.1456053333,9.22336533333],
[49.145627,9.22337033333],
[49.145645,9.2233745],
[49.1456595,9.22337783333],
[49.1456676667,9.22338083333],
[49.1456698333,9.22338233333],
[49.1456696667,9.223383],
[49.1456698333,9.22338333333],
[49.1456701667,9.2233835],
[49.1456703333,9.22338366667],
[49.14567,9.22338383333],
[49.1456751667,9.22338466667],
[49.145691,9.22338866667],
[49.1457205,9.22339516667],
[49.1457545,9.22340416667],
[49.1457905,9.2234135],
[49.1458276667,9.22342316667],
[49.1458523333,9.22342916667],
[49.145861,9.223431],
[49.1458618333,9.22343033333],
[49.145861,9.2234295],
[49.1458621667,9.223429],
[49.1458723333,9.2234315],
[49.1458953333,9.22343716667],
[49.1459286667,9.22344583333],
[49.145964,9.22345466667],
[49.1460038333,9.223464],
[49.1460485,9.22346833333],
[49.1460933333,9.22346133333],
[49.1461373333,9.22343683333],
[49.1461763333,9.223396],
[49.1462058333,9.22334],
[49.1462265,9.22327466667],
[49.1462388333,9.2232055],
[49.1462475,9.22313333333],
[49.1462551667,9.22306016667],
[49.1462611667,9.22298816667],
[49.1462653333,9.22292766667],
[49.1462683333,9.22288616667],
[49.1462721667,9.22285616667],
[49.1462736667,9.22283266667],
[49.146276,9.2228115],
[49.1462768333,9.2227895],
[49.1462791667,9.22276533333],
[49.1462811667,9.22273783333],
[49.146283,9.22270166667],
[49.1462886667,9.22265433333],
[49.1462933333,9.22260616667],
[49.1462985,9.222561],
[49.1463038333,9.22251816667],
[49.1463101667,9.22247783333],
[49.1463165,9.22243683333],
[49.1463246667,9.22239],
[49.1463345,9.22233366667],
[49.1463451667,9.22226633333],
[49.1463551667,9.2221895],
[49.146365,9.222104],
[49.1463738333,9.22201316667],
[49.1463826667,9.22191866667],
[49.1463906667,9.2218165],
[49.1464,9.221711],
[49.146409,9.22160016667],
[49.1464161667,9.22148583333],
[49.1464223333,9.221369],
[49.1464298333,9.22125183333],
[49.146437,9.22113233333],
[49.1464421667,9.22101],
[49.1464485,9.22088333333],
[49.146458,9.22075483333],
[49.1464631667,9.22062183333],
[49.1464631667,9.2204815],
[49.1464598333,9.22033816667],
[49.1464528333,9.22019916667],
[49.1464403333,9.22006116667],
[49.1464375,9.21991966667],
[49.1464325,9.21977516667],
[49.1464265,9.21962566667],
[49.1464193333,9.21947233333],
[49.1464123333,9.21931916667],
[49.1464043333,9.21916466667],
[49.1463961667,9.21900766667],
[49.1463895,9.2188485],
[49.1463843333,9.2186895],
[49.1463805,9.21852966667],
[49.1463803333,9.218368],
[49.1463838333,9.21820316667],
[49.1463945,9.21803483333],
[49.1464093333,9.21786916667],
[49.1464263333,9.21770366667],
[49.1464438333,9.21754366667],
[49.1464625,9.21738266667],
[49.1464838333,9.2172255],
[49.1465136667,9.21707166667],
[49.1465436667,9.2169155],
[49.1465866667,9.216762],
[49.1466338333,9.21660933333],
[49.146688,9.21646016667],
[49.1467423333,9.21631616667],
[49.1468031667,9.2161785],
[49.1468663333,9.21605033333],
[49.1469343333,9.21592733333],
[49.1470025,9.21581066667],
[49.1470665,9.21569533333],
[49.1470995,9.21559916667],
[49.1471553333,9.2154925],
[49.147247,9.2153585],
[49.1473265,9.215228],
[49.1474008333,9.2151035],
[49.1474783333,9.21497616667],
[49.1475543333,9.21485433333],
[49.1476308333,9.2147415],
[49.1476996667,9.21462066667],
[49.1477711667,9.21450733333],
[49.1478413333,9.21439916667],
[49.1479121667,9.21430583333],
[49.1479865,9.2142305],
[49.1480618333,9.21417416667],
[49.148135,9.21412233333],
[49.1482041667,9.21406883333],
[49.14826,9.21400616667],
[49.1482958333,9.21393516667],
[49.1483175,9.21386016667],
[49.1483238333,9.21378783333],
[49.1483195,9.21372166667],
[49.1483063333,9.2136625],
[49.1482861667,9.21361],
[49.1482593333,9.21356783333],
[49.1482266667,9.2135325],
[49.1481856667,9.21350833333],
[49.1481413333,9.21349683333],
[49.1480996667,9.213501],
[49.1480628333,9.21351633333],
[49.1480295,9.21354233333],
[49.1479961667,9.21358233333],
[49.1479686667,9.21363316667],
[49.1479465,9.21368966667],
[49.1479261667,9.21375783333],
[49.1479028333,9.21383766667],
[49.1478793333,9.2139215],
[49.1478536667,9.2140095],
[49.1478233333,9.2140995],
[49.1477898333,9.214186],
[49.1477491667,9.21426466667],
[49.1477095,9.21433833333],
[49.1476703333,9.21440816667],
[49.147631,9.21447433333],
[49.1475936667,9.21454],
[49.147561,9.21460316667],
[49.1475271667,9.21466016667],
[49.1474968333,9.21471016667],
[49.1474705,9.21475483333],
[49.1474506667,9.21479716667],
[49.1474258333,9.2148335],
[49.1474061667,9.21486],
[49.1473926667,9.21487566667],
[49.1473873333,9.21488633333],
[49.1473896667,9.21489533333],
[49.1473836667,9.21490116667],
[49.1473793333,9.214909],
[49.1473751667,9.21492116667],
[49.1473686667,9.21493466667],
[49.1473565,9.21495],
[49.1473476667,9.21496666667],
[49.1473425,9.21498166667],
[49.1473318333,9.21499766667],
[49.147319,9.21502283333],
[49.147299,9.21505616667],
[49.147281,9.2150925],
[49.1472541667,9.21513516667],
[49.1472265,9.21518283333],
[49.1471966667,9.21523116667],
[49.1471701667,9.2152855],
[49.1471456667,9.215335],
[49.1471071667,9.2153655],
[49.1470783333,9.21541583333],
[49.147059,9.2154445],
[49.1470183333,9.21552316667],
[49.1469666667,9.21561166667],
[49.1469303333,9.21568166667],
[49.1468738333,9.2157605],
[49.1468316667,9.215841],
[49.1467841667,9.2159245],
[49.146734,9.21600233333],
[49.1467006667,9.21606766667],
[49.1466696667,9.21612633333],
[49.1466363333,9.21618633333],
[49.1466058333,9.21624],
[49.146576,9.21629766667],
[49.1465483333,9.21635466667],
[49.1465263333,9.216416],
[49.1465033333,9.21647666667],
[49.1464816667,9.216537],
[49.146456,9.21659316667],
[49.1464331667,9.21664833333],
[49.1464176667,9.21670716667],
[49.146399,9.21676383333],
[49.1463885,9.21681883333],
[49.1463743333,9.21686666667],
[49.1463628333,9.21691083333],
[49.1463496667,9.21695016667],
[49.1463441667,9.21698366667],
[49.1463406667,9.21700933333],
[49.1463373333,9.21702816667],
[49.1463358333,9.21703983333],
[49.1463396667,9.2170455],
[49.146334,9.2170485],
[49.1463353333,9.21705333333],
[49.1463355,9.217057],
[49.1463368333,9.2170575],
[49.1463408333,9.21705816667],
[49.146344,9.217058],
[49.1463465,9.21705766667],
[49.1463503333,9.21705816667],
[49.1463531667,9.217058],
[49.146355,9.21705783333],
[49.1463563333,9.21705783333],
[49.1463583333,9.2170585],
[49.1463653333,9.21706016667],
[49.14637,9.21706033333],
[49.1463736667,9.21706083333],
[49.146377,9.21706066667],
[49.1463815,9.21705966667],
[49.1463883333,9.21705833333],
[49.1463921667,9.21705783333],
[49.1463913333,9.21705866667],
[49.1463913333,9.21705966667],
[49.1463918333,9.2170605],
[49.1463913333,9.217061],
[49.1463925,9.2170615],
[49.1463958333,9.21706133333],
[49.146399,9.2170605],
[49.1464021667,9.2170595],
[49.146404,9.217059],
[49.1464036667,9.217059],
[49.1464036667,9.21705916667],
[49.1464035,9.21705983333],
[49.1464028333,9.21706066667],
[49.1464035,9.21706216667],
[49.1464035,9.21706266667],
[49.1464045,9.2170635],
[49.1464056667,9.217068],
[49.1464038333,9.21707266667],
[49.1464028333,9.21707516667],
[49.146399,9.21707966667],
[49.1463955,9.21708433333],
[49.146395,9.2170845],
[49.146394,9.2170855],
[49.146395,9.21708483333],
[49.1463935,9.217084],
[49.1463941667,9.21708316667],
[49.1463945,9.21708233333],
[49.146393,9.2170825],
[49.1463915,9.21708383333],
[49.1463876667,9.2170935],
[49.1463838333,9.21711666667],
[49.146377,9.2171575],
[49.1463703333,9.21720583333],
[49.1463711667,9.21725416667],
[49.146373,9.21731483333],
[49.1463715,9.217376],
[49.1463721667,9.21743666667],
[49.1463658333,9.2175005],
[49.1463596667,9.21756083333],
[49.1463526667,9.21762616667],
[49.1463445,9.2176895],
[49.146352,9.2177445],
[49.1463525,9.21778733333],
[49.1463505,9.21781666667],
[49.1463473333,9.217837],
[49.1463398333,9.2178475],
[49.1463511667,9.21786133333],
[49.1463181667,9.21786716667],
[49.1463011667,9.217872],
[49.1462976667,9.2178785],
[49.1462873333,9.21788133333],
[49.1462875,9.21788883333],
[49.1462913333,9.21789533333],
[49.1462945,9.21789716667],
[49.146297,9.2178985],
[49.146298,9.217901],
[49.1462958333,9.21790366667],
[49.1462931667,9.21790583333],
[49.1462895,9.21790783333],
[49.1462835,9.21791016667],
[49.1462801667,9.217911],
[49.1462736667,9.21791116667],
[49.1462658333,9.2179105],
[49.1462583333,9.217909],
[49.14625,9.2179075],
[49.1462425,9.21790683333],
[49.1462366667,9.2179065],
[49.1462298333,9.2179065],
[49.146223,9.21790633333],
[49.1462186667,9.21790666667],
[49.1462146667,9.21790716667],
[49.1462111667,9.21790766667],
[49.1462073333,9.21790833333],
[49.1462041667,9.21791016667],
[49.1462008333,9.21791233333],
[49.1461961667,9.21791416667],
[49.146194,9.21791583333],
[49.1461895,9.21791733333],
[49.1461846667,9.2179185],
[49.1461813333,9.21791933333],
[49.146178,9.2179205],
[49.1461738333,9.217922],
[49.146172,9.21792316667],
[49.1461698333,9.21792416667],
[49.14617,9.2179255],
[49.1461678333,9.2179265],
[49.1461676667,9.217927],
[49.1461661667,9.2179275],
[49.1461673333,9.217928],
[49.146167,9.21792833333],
[49.1461693333,9.21792883333],
[49.1461698333,9.21792866667],
[49.1461726667,9.2179285],
[49.1461733333,9.21792866667],
[49.1461763333,9.21792866667],
[49.1461773333,9.21792883333],
[49.1461816667,9.21792916667],
[49.1461843333,9.21792933333],
[49.14619,9.21793033333],
[49.1461965,9.21793133333],
[49.1462006667,9.217932],
[49.1462065,9.2179325],
[49.1462126667,9.217933],
[49.146214,9.21793316667],
[49.1462171667,9.2179335],
[49.1462188333,9.21793366667],
[49.146221,9.21793383333],
[49.1462218333,9.21793333333],
[49.1462136667,9.21793333333],
[49.1462148333,9.2179355],
[49.1462163333,9.2179435],
[49.1462175,9.217962],
[49.146223,9.21799516667],
[49.1462203333,9.21804316667],
[49.1462171667,9.21809716667],
[49.1462155,9.21815466667],
[49.146212,9.21822133333],
[49.1462231667,9.21829083333],
[49.1462205,9.218356],
[49.1462153333,9.21841466667],
[49.1462081667,9.21846483333],
[49.1461968333,9.21850333333],
[49.1461876667,9.21852883333],
[49.1461773333,9.21854016667],
[49.1461285,9.21854216667],
[49.1460423333,9.21854033333],
[49.1459968333,9.2185335],
[49.1459641667,9.21852333333],
[49.1459311667,9.21851733333],
[49.1458825,9.2185135],
[49.1458368333,9.2185105],
[49.1457726667,9.21850783333],
[49.1457008333,9.21850633333],
[49.1456555,9.2184985],
[49.1456181667,9.21848533333],
[49.1455781667,9.21847816667],
[49.1455485,9.21847416667],
[49.1455151667,9.21847116667],
[49.14549,9.218473],
[49.1454643333,9.218481],
[49.1454513333,9.21848283333],
[49.1454425,9.21848],
[49.1454386667,9.21847866667],
[49.1454375,9.21847783333],
[49.1454395,9.21847383333],
[49.1454406667,9.21847216667],
[49.1454416667,9.21847083333],
[49.145443,9.2184695],
[49.145444,9.21846816667],
[49.1454451667,9.218467],
[49.1454458333,9.2184655],
[49.1454388333,9.2184645],
[49.1454208333,9.21845983333],
[49.1453938333,9.2184555],
[49.145361,9.21844866667],
[49.1453256667,9.21843716667],
[49.1452915,9.21841933333],
[49.145261,9.2183995],
[49.145233,9.2183835],
[49.145213,9.21837283333],
[49.1451956667,9.21836216667],
[49.145182,9.21834983333],
[49.1451666667,9.2183435],
[49.1451496667,9.218335],
[49.1451256667,9.2183285],
[49.1450985,9.21831583333],
[49.1450706667,9.21829983333],
[49.1450418333,9.2182875],
[49.14502,9.21827266667],
[49.1449985,9.21826366667],
[49.1449826667,9.21825166667],
[49.144975,9.21823433333],
[49.1449603333,9.21822816667],
[49.1449491667,9.2182225],
[49.1449391667,9.21821833333],
[49.1449281667,9.21821366667],
[49.1449113333,9.21821],
[49.1448935,9.2182005],
[49.1448751667,9.218193],
[49.1448641667,9.21818066667],
[49.1448498333,9.21817616667],
[49.1448416667,9.21816833333],
[49.1448288333,9.21816],
[49.1448101667,9.218149],
[49.1447895,9.2181375],
[49.1447676667,9.21812566667],
[49.1447485,9.218113],
[49.144731,9.2181015],
[49.1447116667,9.218094],
[49.1446943333,9.21808716667],
[49.1446778333,9.21808283333],
[49.1446616667,9.21806833333],
[49.144641,9.2180615],
[49.1446248333,9.21804916667],
[49.1446095,9.21804366667],
[49.1445971667,9.21803366667],
[49.1445896667,9.21802666667],
[49.1445758333,9.218023],
[49.1445646667,9.2180205],
[49.144558,9.21802583333],
[49.1445561667,9.2180275],
[49.1445483333,9.218026],
[49.144534,9.21801966667],
[49.1445156667,9.21801216667],
[49.1444981667,9.21800466667],
[49.1444835,9.2179985],
[49.14447,9.2179935],
[49.1444581667,9.2179895],
[49.1444466667,9.21798066667],
[49.14443,9.217978],
[49.1444135,9.21797066667],
[49.1443915,9.21796633333],
[49.1443736667,9.21796366667],
[49.1443613333,9.217963],
[49.1443526667,9.217965],
[49.1443473333,9.217965],
[49.1443431667,9.21796916667],
[49.1443396667,9.217973],
[49.1443366667,9.21797666667],
[49.1443333333,9.21798016667],
[49.1443315,9.21798116667],
[49.1443303333,9.217981],
[49.1443291667,9.21798083333],
[49.1443276667,9.21798133333],
[49.1443265,9.21798233333],
[49.1443248333,9.21798283333],
[49.1443155,9.21798216667],
[49.1442963333,9.21797783333],
[49.1442715,9.2179765],
[49.1442505,9.21797016667],
[49.1442296667,9.2179705],
[49.1442105,9.2179615],
[49.1441993333,9.21796266667],
[49.1441875,9.21795366667],
[49.1441755,9.21795183333],
[49.1441593333,9.21794483333],
[49.1441431667,9.21793733333],
[49.1441206667,9.2179325],
[49.1440945,9.2179275],
[49.1440705,9.217921],
[49.1440448333,9.2179175],
[49.1440198333,9.21790683333],
[49.1439961667,9.217898],
[49.1439753333,9.21789016667],
[49.1439578333,9.21788516667],
[49.143943,9.217871],
[49.1439305,9.21786183333],
[49.143917,9.217855],
[49.1439101667,9.21783333333],
[49.1439081667,9.21780166667],
[49.1439123333,9.21777283333],
[49.1439145,9.2177595],
[49.1439165,9.21775333333],
[49.1439175,9.2177455],
[49.1439103333,9.21774866667],
[49.143897,9.21774783333],
[49.1438778333,9.21774266667],
[49.1438605,9.21773566667],
[49.1438468333,9.21773016667],
[49.1438341667,9.217729],
[49.1438196667,9.21772833333],
[49.1437995,9.2177325],
[49.1437781667,9.21773383333],
[49.1437528333,9.21773516667],
[49.1437255,9.21773416667],
[49.1436995,9.21773183333],
[49.1436773333,9.21772283333],
[49.1436566667,9.21772133333],
[49.1436375,9.2177155],
[49.14362,9.217708],
[49.1435968333,9.21770433333],
[49.1435746667,9.21770333333],
[49.1435521667,9.217716],
[49.1435216667,9.2177565],
[49.1434971667,9.21778683333],
[49.1434903333,9.21778633333],
[49.1434745,9.2177935],
[49.143467,9.21778933333],
[49.1434575,9.21778283333],
[49.143449,9.21777816667],
[49.1434415,9.217768],
[49.1434405,9.2177485],
[49.1434381667,9.21773116667],
[49.143436,9.21772],
[49.1434366667,9.21770616667],
[49.1434385,9.21769183333],
[49.1434365,9.217678],
[49.1434371667,9.2176525],
[49.1434345,9.21763333333],
[49.1434366667,9.21761483333],
[49.1434381667,9.21760683333],
[49.1434396667,9.21760066667],
[49.143441,9.217594],
[49.1434405,9.21759266667],
[49.1434381667,9.21758916667],
[49.1434311667,9.21758],
[49.1434178333,9.21756466667],
[49.1434013333,9.21754616667],
[49.14338,9.21752466667],
[49.1433518333,9.217504],
[49.1433225,9.21748816667],
[49.1432918333,9.217471],
[49.1432606667,9.21745083333],
[49.1432356667,9.217431],
[49.1432098333,9.21741683333],
[49.1431838333,9.21740966667],
[49.1431651667,9.217403],
[49.1431586667,9.2173925],
[49.1431556667,9.21739183333],
[49.1431563333,9.21739166667],
[49.1431611667,9.21738833333],
[49.1431698333,9.217378],
[49.1431746667,9.21737383333],
[49.1431773333,9.21737216667],
[49.143178,9.217372],
[49.143178,9.21737216667],
[49.1431781667,9.21737233333],
[49.1431783333,9.21737233333],
[49.1431786667,9.21737216667],
[49.143179,9.21737183333],
[49.1431795,9.21737133333],
[49.1431798333,9.217371],
[49.1431803333,9.21737033333],
[49.1431806667,9.21737],
[49.143181,9.21736966667],
[49.1431816667,9.217369],
[49.1431795,9.217368],
[49.143172,9.217364],
[49.1431586667,9.21735366667],
[49.1431401667,9.21734083333],
[49.1431186667,9.21732816667],
[49.143098,9.21731583333],
[49.1430791667,9.2173075],
[49.143065,9.21730133333],
[49.1430571667,9.21729583333],
[49.1430525,9.2172915],
[49.143048,9.21729083333],
[49.1430445,9.21729016667],
[49.1430435,9.21728983333],
[49.1430416667,9.2172885],
[49.143039,9.21728666667],
[49.1430375,9.21728616667],
[49.1430368333,9.217284],
[49.1430346667,9.21728316667],
[49.1430338333,9.21728216667],
[49.1430338333,9.21728116667],
[49.143032,9.21728166667],
[49.1430308333,9.2172825],
[49.143031,9.2172825],
[49.1430315,9.21728133333],
[49.143032,9.21728016667],
[49.1430323333,9.21727916667],
[49.143032,9.21727883333],
[49.1430316667,9.21727866667],
[49.1430318333,9.217278],
[49.1430316667,9.217277],
[49.1430301667,9.217275],
[49.1430278333,9.21726166667],
[49.1430133333,9.21725166667],
[49.142992,9.21724033333],
[49.1429666667,9.21722616667],
[49.1429376667,9.21721],
[49.1429113333,9.2171925],
[49.142886,9.217179],
[49.142867,9.21716633333],
[49.1428556667,9.21715683333],
[49.142852,9.2171515],
[49.1428533333,9.217148],
[49.1428551667,9.2171455],
[49.1428565,9.217144],
[49.1428573333,9.21714316667],
[49.1428588333,9.21714133333],
[49.14286,9.21714066667],
[49.1428606667,9.21714033333],
[49.1428606667,9.2171405],
[49.1428608333,9.2171405],
[49.1428613333,9.21714],
[49.1428608333,9.21714166667],
[49.1428596667,9.21714433333],
[49.142859,9.21714633333],
[49.1428578333,9.21714833333],
[49.1428568333,9.21715033333],
[49.1428563333,9.21715116667],
[49.142856,9.2171525],
[49.1428556667,9.21715316667],
[49.1428553333,9.21715416667],
[49.1428556667,9.21715416667],
[49.1428555,9.217154],
[49.1428556667,9.21715433333],
[49.1428556667,9.2171545],
[49.1428555,9.21715483333],
[49.1428553333,9.217156],
[49.1428531667,9.21715433333],
[49.1428518333,9.217156],
[49.1428525,9.21715416667],
[49.14285,9.2171535],
[49.1428478333,9.21714983333],
[49.1428476667,9.21714666667],
[49.1428473333,9.21714433333],
[49.142846,9.21714083333],
[49.1428445,9.21713966667],
[49.1428425,9.2171385],
[49.142842,9.21713516667],
[49.1428388333,9.21713116667],
[49.1428308333,9.2171265],
[49.1428181667,9.2171195],
[49.1428005,9.217111],
[49.1427846667,9.2171005],
[49.142771,9.21709],
[49.142759,9.2170815],
[49.1427461667,9.2170785],
[49.142741,9.21707666667],
[49.1427375,9.21707866667],
[49.142736,9.217081],
[49.1427345,9.217083],
[49.1427326667,9.21708566667],
[49.1427295,9.21709066667],
[49.1427263333,9.2170955],
[49.1427246667,9.21709866667],
[49.1427228333,9.21710266667],
[49.142721,9.2171075],
[49.1427193333,9.21711216667],
[49.1427175,9.217117],
[49.1427156667,9.21712166667],
[49.142714,9.21712583333],
[49.1427121667,9.21712983333],
[49.1427101667,9.2171335],
[49.1427085,9.217137],
[49.1427066667,9.21714033333],
[49.1427048333,9.21714383333],
[49.1427033333,9.21714733333],
[49.1427015,9.217151],
[49.1427001667,9.21715283333],
[49.1426986667,9.21715466667],
[49.1426971667,9.2171565],
[49.142696,9.217158],
[49.1426951667,9.21715916667],
[49.1426943333,9.21716016667],
[49.1426933333,9.21716116667],
[49.142692,9.2171625],
[49.1426905,9.21716333333],
[49.1426853333,9.2171605],
[49.1426745,9.21715516667],
[49.1426636667,9.217148],
[49.1426516667,9.21714083333],
[49.14264,9.21713316667],
[49.142629,9.2171265],
[49.142618,9.2171185],
[49.1426085,9.21710783333],
[49.1426051667,9.2170985],
[49.1426015,9.2170895],
[49.1425933333,9.21708383333],
[49.1425881667,9.21708],
[49.1425835,9.2170775],
[49.1425806667,9.21707783333],
[49.1425786667,9.21707833333],
[49.1425816667,9.21707783333],
[49.142581,9.21707933333],
[49.1425805,9.2170805],
[49.1425783333,9.217081],
[49.1425786667,9.21708116667],
[49.1425656667,9.21708766667],
[49.1425565,9.21708916667],
[49.1425473333,9.21708116667],
[49.1425416667,9.2170715],
[49.1425363333,9.21706666667],
[49.1425405,9.217047],
[49.1425441667,9.21702766667],
[49.1425443333,9.217036],
[49.1425456667,9.21702983333],
[49.142546,9.2170285],
[49.1425456667,9.2170225],
[49.1425466667,9.21701533333],
[49.142549,9.2170095],
[49.1425475,9.21700716667],
[49.1425368333,9.21700566667],
[49.1425228333,9.2170005],
[49.142506,9.21699383333],
[49.1424908333,9.21698866667],
[49.1424793333,9.21698516667],
[49.1424683333,9.21698416667],
[49.1424578333,9.2169815],
[49.1424435,9.216978],
[49.1424286667,9.216972],
[49.1424093333,9.21697266667],
[49.1423993333,9.21696383333],
[49.1423846667,9.2169495],
[49.1423705,9.21692216667],
[49.1423615,9.21689233333],
[49.1423488333,9.2168745],
[49.1423525,9.21684716667],
[49.1423528333,9.21681483333],
[49.1423563333,9.21677183333],
[49.142362,9.21672883333],
[49.1423705,9.2166835],
[49.1423783333,9.21663316667],
[49.142385,9.21658266667],
[49.1423911667,9.21653433333],
[49.1423986667,9.21648933333],
[49.142405,9.21644583333],
[49.14241,9.21640016667],
[49.1424133333,9.21635466667],
[49.142417,9.216313],
[49.1424223333,9.21627583333],
[49.1424248333,9.21624566667],
[49.1424293333,9.2162195],
[49.1424316667,9.21619833333],
[49.1424345,9.216177],
[49.1424373333,9.21615266667],
[49.1424366667,9.21612416667],
[49.1424396667,9.21609416667],
[49.1424428333,9.2160655],
[49.1424435,9.21603666667],
[49.1424476667,9.216006],
[49.1424521667,9.21597183333],
[49.1424566667,9.21593716667],
[49.1424615,9.2159045],
[49.1424661667,9.21587116667],
[49.1424706667,9.21583733333],
[49.1424763333,9.21580383333],
[49.1424796667,9.21577316667],
[49.1424835,9.21574466667],
[49.1424868333,9.215717],
[49.1424903333,9.21568966667],
[49.1424938333,9.21566683333],
[49.1424961667,9.21564866667],
[49.1424988333,9.21562816667],
[49.1425025,9.2156025],
[49.1425056667,9.21557716667],
[49.1425081667,9.215553],
[49.1425108333,9.21552583333],
[49.1425131667,9.21549666667],
[49.1425181667,9.21546366667],
[49.1425235,9.21542983333],
[49.1425283333,9.21539516667],
[49.1425335,9.21535933333],
[49.1425373333,9.21532383333],
[49.142542,9.2152865],
[49.1425471667,9.215247],
[49.1425526667,9.2152005],
[49.1425595,9.21514766667],
[49.1425653333,9.21509266667],
[49.1425721667,9.215036],
[49.1425788333,9.21497983333],
[49.142586,9.214927],
[49.1425923333,9.21487983333],
[49.1425995,9.214836],
[49.1426083333,9.21479516667],
[49.142621,9.21475283333],
[49.1426338333,9.2147055],
[49.1426475,9.2146515],
[49.1426605,9.21459116667],
[49.1426718333,9.21453716667],
[49.1426778333,9.2144915],
[49.1426795,9.214457],
[49.1426795,9.214432],
[49.1426835,9.214411],
[49.1426855,9.214388],
[49.1426886667,9.21435683333],
[49.1426913333,9.214313],
[49.1426965,9.214264],
[49.1426995,9.21421633333],
[49.1427031667,9.21417183333],
[49.142708,9.214133],
[49.1427145,9.214101],
[49.1427155,9.21407683333],
[49.142716,9.21406116667],
[49.142719,9.21405216667],
[49.142727,9.21404866667],
[49.1427291667,9.21404583333],
[49.1427305,9.21404333333],
[49.1427316667,9.21404216667],
[49.1427313333,9.2140415],
[49.1427316667,9.21404083333],
[49.1427328333,9.214038],
[49.142733,9.21403316667],
[49.1427311667,9.2140275],
[49.1427308333,9.21402083333],
[49.1427293333,9.21401566667],
[49.1427283333,9.21400983333],
[49.1427285,9.214005],
[49.1427268333,9.21399983333],
[49.1427278333,9.21399766667],
[49.1427288333,9.21399566667],
[49.1427315,9.21399316667],
[49.1427355,9.213984],
[49.1427371667,9.21395866667],
[49.1427436667,9.21391533333],
[49.1427511667,9.2138645],
[49.1427585,9.21380833333],
[49.142765,9.21374483333],
[49.1427726667,9.21367316667],
[49.1427825,9.2136055],
[49.1427905,9.21354266667],
[49.1427938333,9.21348666667],
[49.1428003333,9.21343683333],
[49.1428083333,9.21338916667],
[49.1428168333,9.21333616667],
[49.1428265,9.21327766667],
[49.1428343333,9.21321983333],
[49.1428388333,9.213162],
[49.1428353333,9.213104],
[49.1428276667,9.213047],
[49.1428151667,9.21299366667],
[49.1428065,9.21294183333],
[49.142794,9.21289633333],
[49.1427801667,9.21285183333],
[49.1427666667,9.21280833333],
[49.142756,9.212759],
[49.1427496667,9.2127],
[49.1427463333,9.21263183333],
[49.1427471667,9.21255433333],
[49.1427488333,9.21246616667],
[49.1427488333,9.21237583333],
[49.1427493333,9.21227883333],
[49.142751,9.212172],
[49.1427516667,9.21206],
[49.1427541667,9.21194633333],
[49.1427538333,9.21182533333],
[49.1427533333,9.21170133333],
[49.1427521667,9.2115805],
[49.1427506667,9.21146316667],
[49.1427498333,9.2113485],
[49.1427483333,9.21123316667],
[49.14275,9.21111183333],
[49.1427491667,9.2109845],
[49.142749,9.210852],
[49.1427478333,9.210716],
[49.1427473333,9.21058066667],
[49.1427506667,9.210448],
[49.1427516667,9.210319],
[49.1427521667,9.21019583333],
[49.1427541667,9.2100795],
[49.142756,9.20997183333],
[49.1427568333,9.2098755],
[49.1427558333,9.20979366667],
[49.1427551667,9.20972983333],
[49.1427536667,9.209683],
[49.1427531667,9.20965066667],
[49.142752,9.2096335],
[49.1427511667,9.20962966667],
[49.1427516667,9.20962933333],
[49.1427515,9.209629],
[49.1427523333,9.20962866667],
[49.1427531667,9.209628],
[49.142754,9.20962766667],
[49.1427548333,9.20962716667],
[49.1427558333,9.2096265],
[49.1427561667,9.20962616667],
[49.1427565,9.20962583333],
[49.142756,9.209626],
[49.1427573333,9.209626],
[49.142763,9.20962483333],
[49.1427633333,9.20962516667],
[49.1427643333,9.20962516667],
[49.142766,9.20962516667],
[49.1427666667,9.2096255],
[49.1427675,9.20962566667],
[49.1427673333,9.209618],
[49.142767,9.20959083333],
[49.1427641667,9.20954533333],
[49.1427588333,9.20949233333],
[49.1427498333,9.20943633333],
[49.1427373333,9.20937533333],
[49.1427206667,9.209314],
[49.1426998333,9.209254],
[49.1426798333,9.20918866667],
[49.1426575,9.209118],
[49.142636,9.209047],
[49.142617,9.20898166667],
[49.142598,9.20892016667],
[49.1425781667,9.20885866667],
[49.142553,9.20879516667],
[49.1425226667,9.20872966667],
[49.1424946667,9.20866283333],
[49.142473,9.2085955],
[49.1424433333,9.20853166667],
[49.1424208333,9.20846566667],
[49.142389,9.20840033333],
[49.1423568333,9.20833733333],
[49.1423186667,9.2082795],
[49.1422735,9.208231],
[49.1422236667,9.2081935],
[49.1421686667,9.20816716667],
[49.1421016667,9.20815716667],
[49.1420438333,9.2081495],
[49.1419886667,9.20814083333],
[49.1419336667,9.20813883333],
[49.141877,9.20813766667],
[49.1418115,9.20813483333],
[49.14173,9.208137],
[49.1416503333,9.20813683333],
[49.1415973333,9.2081185],
[49.1415221667,9.208112],
[49.141434,9.20811366667],
[49.1413216667,9.208113],
[49.1412156667,9.20811383333],
[49.141111,9.208125],
[49.1410078333,9.208136],
[49.1409245,9.208126],
[49.1408306667,9.20812583333],
[49.1407316667,9.20812816667],
[49.1406365,9.20812333333],
[49.14054,9.2081205],
[49.1404408333,9.20811683333],
[49.1403348333,9.20811616667],
[49.1402318333,9.20811166667],
[49.1401296667,9.20810933333],
[49.1400298333,9.208106],
[49.1399376667,9.20810316667],
[49.1398526667,9.20809966667],
[49.1397738333,9.2081035],
[49.1396998333,9.20811233333],
[49.1396358333,9.20811783333],
[49.1395745,9.20811416667],
[49.1395276667,9.20811083333],
[49.1394866667,9.20811116667],
[49.1394408333,9.20811066667],
[49.1393951667,9.2081095],
[49.139343,9.20810383333],
[49.1392833333,9.20809516667],
[49.1392138333,9.2080845],
[49.1391375,9.20806983333],
[49.1390596667,9.208054],
[49.1389836667,9.20804216667],
[49.138909,9.20803516667],
[49.13884,9.20803716667],
[49.1387753333,9.20805516667],
[49.138713,9.20809116667],
[49.1386575,9.20814416667],
[49.1386215,9.20819816667],
[49.1385945,9.20825233333],
[49.1385695,9.208306],
[49.1385416667,9.2083605],
[49.138518,9.20841233333],
[49.138499,9.20846316667],
[49.138485,9.20850233333],
[49.138478,9.208528],
[49.1384741667,9.20854333333],
[49.1384708333,9.2085495],
[49.138472,9.20855033333],
[49.1384763333,9.2085505],
[49.1384806667,9.20855066667],
[49.1384843333,9.20855116667],
[49.138488,9.2085525],
[49.138492,9.20855566667],
[49.1384893333,9.20856583333],
[49.1384806667,9.20859316667],
[49.1384651667,9.208638],
[49.1384446667,9.2086885],
[49.1384191667,9.20874933333],
[49.1383853333,9.20882416667],
[49.1383443333,9.20890933333],
[49.1382986667,9.2090035],
[49.1382483333,9.209104],
[49.1381981667,9.2092045],
[49.138148,9.20931333333],
[49.1380948333,9.20942733333],
[49.1380401667,9.20954716667],
[49.1379831667,9.20967],
[49.1379263333,9.20979716667],
[49.137872,9.20992516667],
[49.1378203333,9.21004883333],
[49.1377703333,9.2101665],
[49.137723,9.21028033333],
[49.137675,9.210393],
[49.1376253333,9.21050533333],
[49.1375751667,9.2106185],
[49.1375243333,9.210727],
[49.1374768333,9.210831],
[49.1374293333,9.210934],
[49.1373815,9.2110385],
[49.1373335,9.2111425],
[49.1372861667,9.21124616667],
[49.137238,9.2113505],
[49.1371898333,9.21145316667],
[49.1371418333,9.21155666667],
[49.1370923333,9.21166333333],
[49.1370428333,9.211774],
[49.1369903333,9.21188666667],
[49.1369368333,9.21200016667],
[49.1368821667,9.21210916667],
[49.1368286667,9.212216],
[49.1367756667,9.21232133333],
[49.1367251667,9.21242466667],
[49.136678,9.21252333333],
[49.1366351667,9.21261433333],
[49.1365931667,9.21270466667],
[49.136555,9.21279183333],
[49.1365201667,9.21287433333],
[49.1364868333,9.21295616667],
[49.1364481667,9.2130465],
[49.1364131667,9.21314033333],
[49.1363673333,9.21324533333],
[49.1363168333,9.213354],
[49.13626,9.21346516667],
[49.136209,9.213583],
[49.1361575,9.2136925],
[49.1361033333,9.21380583333],
[49.1360581667,9.213919],
[49.1360145,9.214027],
[49.13597,9.214135],
[49.1359286667,9.21424533333],
[49.1358838333,9.21435383333],
[49.1358456667,9.21446333333],
[49.1358103333,9.21457166667],
[49.1357718333,9.21467616667],
[49.135731,9.21478816667],
[49.1356935,9.21490483333],
[49.135654,9.2150215],
[49.1356135,9.2151365],
[49.135577,9.21525033333],
[49.1355385,9.215365],
[49.1354995,9.21548116667],
[49.135457,9.21559566667],
[49.1354185,9.21571],
[49.1353853333,9.2158135],
[49.1353546667,9.21591566667],
[49.1353315,9.2160095],
[49.1352983333,9.2161095],
[49.1352753333,9.21620933333],
[49.1352545,9.2163085],
[49.1352243333,9.21640833333],
[49.1351775,9.21651883333],
[49.1351408333,9.21662683333],
[49.1351085,9.21673333333],
[49.1350641667,9.216841],
[49.1350146667,9.21695433333],
[49.1349608333,9.2170615],
[49.134911,9.2171685],
[49.1348696667,9.21726133333],
[49.134831,9.21735366667],
[49.1347976667,9.21743433333],
[49.134775,9.21750233333],
[49.134754,9.21756116667],
[49.1347388333,9.21760933333],
[49.1347268333,9.21764416667],
[49.1347221667,9.217664],
[49.1347223333,9.21767716667],
[49.1347208333,9.21768383333],
[49.1347161667,9.21768766667],
[49.1347131667,9.21769983333],
[49.1347091667,9.21771366667],
[49.1347113333,9.21772566667],
[49.1347056667,9.21772816667],
[49.1347035,9.21772833333],
[49.1347003333,9.217728],
[49.1346976667,9.21772733333],
[49.134694,9.21772683333],
[49.1346905,9.21772683333],
[49.1346853333,9.21772716667],
[49.1346825,9.21772666667],
[49.1346796667,9.21772616667],
[49.134676,9.217726],
[49.1346726667,9.217726],
[49.1346698333,9.21772616667],
[49.1346651667,9.21772733333],
[49.1346591667,9.21772816667],
[49.1346556667,9.21773083333],
[49.1346575,9.21773066667],
[49.1346595,9.21773016667],
[49.1346623333,9.21773016667],
[49.1346658333,9.21773066667],
[49.1346696667,9.21773133333],
[49.1346731667,9.21773216667],
[49.1346763333,9.21773316667],
[49.1346781667,9.217734],
[49.1346796667,9.2177345],
[49.1346818333,9.21773516667],
[49.1346841667,9.2177355],
[49.1346856667,9.21773616667],
[49.1346873333,9.21773683333],
[49.1346885,9.2177375],
[49.1346895,9.21773783333],
[49.1346901667,9.2177385],
[49.1346908333,9.21773883333],
[49.1346905,9.21773933333],
[49.1346898333,9.21774],
[49.1346906667,9.21773983333],
[49.1346911667,9.21774016667],
[49.1346918333,9.21774016667],
[49.134693,9.21774016667],
[49.1346933333,9.21774],
[49.1346941667,9.21773983333],
[49.1346946667,9.21773966667],
[49.1346956667,9.2177395],
[49.1346958333,9.21773916667],
[49.1346951667,9.21773916667],
[49.1346943333,9.217739],
[49.1346931667,9.21773916667],
[49.1346913333,9.21773933333],
[49.1346893333,9.21774],
[49.134687,9.21774066667],
[49.1346853333,9.21774116667],
[49.134684,9.21774116667],
[49.1346825,9.217741],
[49.1346835,9.21774583333],
[49.1346786667,9.2177655],
[49.13467,9.2177995],
[49.1346555,9.21784783333],
[49.1346443333,9.217901],
[49.1346206667,9.21796366667],
[49.1345943333,9.218034],
[49.1345726667,9.21810933333],
[49.1345496667,9.21819066667],
[49.1345236667,9.21827233333],
[49.134501,9.21835183333],
[49.1344796667,9.218439],
[49.1344541667,9.21853333333],
[49.1344283333,9.218635],
[49.1344043333,9.218741],
[49.1343861667,9.21885333333],
[49.13437,9.21896416667],
[49.1343585,9.21908033333],
[49.1343476667,9.219197],
[49.1343373333,9.21931466667],
[49.134326,9.21943483333],
[49.1343156667,9.2195625],
[49.1343045,9.21969533333],
[49.1342943333,9.21982766667],
[49.1342856667,9.2199555],
[49.1342775,9.22007883333],
[49.1342708333,9.22019716667],
[49.134265,9.22031033333],
[49.13426,9.22041766667],
[49.1342591667,9.22051883333],
[49.1342603333,9.22061583333],
[49.1342605,9.220709],
[49.1342585,9.2207995],
[49.134256,9.22088566667],
[49.1342525,9.22096733333],
[49.134248,9.22104816667],
[49.134243,9.2211345],
[49.1342368333,9.2212275],
[49.1342305,9.22132466667],
[49.1342245,9.221424],
[49.1342183333,9.221528],
[49.1342108333,9.22163733333],
[49.134204,9.221751],
[49.134197,9.22186666667],
[49.1341898333,9.22198283333],
[49.1341805,9.222096],
[49.1341738333,9.22220483333],
[49.1341676667,9.2223085],
[49.1341625,9.22240783333],
[49.1341556667,9.222504],
[49.1341483333,9.222596],
[49.1341421667,9.22268416667],
[49.134136,9.22277066667],
[49.1341326667,9.22285866667],
[49.1341268333,9.22295433333],
[49.1341223333,9.22305633333],
[49.1341173333,9.223162],
[49.1341136667,9.223272],
[49.1341095,9.22338383333],
[49.1341036667,9.2234955],
[49.1340963333,9.223608],
[49.1340913333,9.22372133333],
[49.1340873333,9.2238355],
[49.1340828333,9.22395066667],
[49.134072,9.2240665],
[49.1340655,9.22417983333],
[49.134058,9.22428433333],
[49.1340498333,9.22437366667],
[49.134046,9.22444633333],
[49.134043,9.22450516667],
[49.1340356667,9.22455133333],
[49.1340241667,9.22458166667],
[49.1340043333,9.22459983333],
[49.1339818333,9.22460733333],
[49.1339598333,9.2246015],
[49.133927,9.22459816667],
[49.1338846667,9.22460033333],
[49.13385,9.22460133333],
[49.1338215,9.22460116667],
[49.1337931667,9.22459616667],
[49.1337686667,9.2246035],
[49.1337455,9.22459383333],
[49.1337196667,9.22459516667],
[49.1336945,9.22459116667],
[49.1336675,9.22458233333],
[49.1336381667,9.22457716667],
[49.1336121667,9.22456866667],
[49.133585,9.22457616667],
[49.1335598333,9.22457883333],
[49.1335418333,9.22458316667],
[49.1335253333,9.22459],
[49.1334996667,9.2245855],
[49.1334808333,9.22458783333],
[49.1334541667,9.22457366667],
[49.1334251667,9.224555],
[49.1333936667,9.22453866667],
[49.1333626667,9.2245365],
[49.1333366667,9.2245295],
[49.1333155,9.2245175],
[49.1332875,9.22451766667],
[49.1332631667,9.224513],
[49.133241,9.22450666667],
[49.1332275,9.22449533333],
[49.1332063333,9.22449133333],
[49.1331766667,9.224491],
[49.1331433333,9.22450266667],
[49.133114,9.224503],
[49.1330813333,9.22449716667],
[49.1330491667,9.22449616667],
[49.1330221667,9.22449],
[49.1329966667,9.22448083333],
[49.1329735,9.22447316667],
[49.1329598333,9.2244605],
[49.132951,9.22445816667],
[49.1329396667,9.2244555],
[49.1329226667,9.22444833333],
[49.1328956667,9.2244415],
[49.132863,9.22444016667],
[49.132832,9.224441],
[49.132799,9.22443783333],
[49.1327723333,9.22443916667],
[49.1327455,9.22443733333],
[49.132714,9.22443316667],
[49.1326891667,9.2244295],
[49.1326688333,9.2244255],
[49.1326353333,9.22442366667],
[49.1325973333,9.22442433333],
[49.1325651667,9.2244205],
[49.1325348333,9.22442216667],
[49.1325005,9.22442316667],
[49.1324708333,9.22441916667],
[49.1324356667,9.2244145],
[49.1324021667,9.22441816667],
[49.1323748333,9.22441216667],
[49.1323546667,9.22439583333],
[49.132331,9.22437483333],
[49.1323188333,9.22433533333],
[49.1323075,9.22427833333],
[49.1322975,9.22421916667],
[49.1322908333,9.22414933333],
[49.1322858333,9.22406916667],
[49.1322788333,9.223988],
[49.132272,9.22389983333],
[49.1322598333,9.22381333333],
[49.1322533333,9.22371866667],
[49.1322455,9.223615],
[49.1322395,9.223508],
[49.132234,9.22339733333],
[49.132229,9.22328283333],
[49.1322225,9.22316716667],
[49.1322168333,9.22304866667],
[49.132212,9.22292883333],
[49.132206,9.22280866667],
[49.1321983333,9.2226895],
[49.1321948333,9.22257133333],
[49.1321786667,9.22246116667],
[49.1321685,9.22235566667],
[49.1321635,9.222252],
[49.1321588333,9.22215166667],
[49.1321526667,9.222051],
[49.132144,9.22195216667],
[49.1321383333,9.2218555],
[49.1321321667,9.2217565],
[49.1321256667,9.22165666667],
[49.1321215,9.221556],
[49.1321163333,9.221454],
[49.132111,9.221352],
[49.1321036667,9.22124916667],
[49.1320968333,9.22114533333],
[49.1320933333,9.22103933333],
[49.1320855,9.2209315],
[49.1320781667,9.22082766667],
[49.1320738333,9.22072166667],
[49.1320666667,9.22062783333],
[49.132066,9.22052866667],
[49.132062,9.220442],
[49.1320603333,9.22037916667],
[49.13206,9.22032983333],
[49.1320628333,9.220285],
[49.1320646667,9.22024616667],
[49.132065,9.22021866667],
[49.1320778333,9.22020066667],
[49.1320866667,9.22019],
[49.1320918333,9.220185],
[49.1320875,9.22018516667],
[49.1320815,9.22018566667],
[49.1320835,9.22018316667],
[49.1320891667,9.22017166667],
[49.1321065,9.22015983333],
[49.132133,9.2201415],
[49.1321661667,9.22012766667],
[49.1322066667,9.22011633333],
[49.1322555,9.2201135],
[49.132315,9.22012116667],
[49.1323781667,9.2201315],
[49.1324426667,9.2201415],
[49.1325066667,9.22015166667],
[49.1325706667,9.220159],
[49.132635,9.22016466667],
[49.1326955,9.22017333333],
[49.1327488333,9.2201815],
[49.1327958333,9.22019],
[49.1328368333,9.220197],
[49.1328723333,9.2202],
[49.1329023333,9.2202035],
[49.1329243333,9.22020516667],
[49.1329421667,9.22020716667],
[49.1329493333,9.220208],
[49.1329498333,9.22020683333],
[49.1329498333,9.220208],
[49.1329496667,9.22020916667],
[49.13295,9.22021033333],
[49.1329581667,9.22021166667],
[49.1329786667,9.22021483333],
[49.1330053333,9.22021516667],
[49.13303,9.22020616667],
[49.133059,9.22018316667],
[49.1330841667,9.22014333333],
[49.1331033333,9.22009466667],
[49.1331188333,9.22002966667],
[49.1331276667,9.2199465],
[49.1331321667,9.21985333333],
[49.1331343333,9.21975566667],
[49.1331358333,9.2196585],
[49.1331396667,9.21956566667],
[49.1331436667,9.2194765],
[49.1331461667,9.21938816667],
[49.1331463333,9.21929966667],
[49.1331443333,9.21921216667],
[49.1331438333,9.21912483333],
[49.1331473333,9.21904266667],
[49.1331481667,9.2189715],
[49.1331505,9.21890866667],
[49.1331521667,9.21885466667],
[49.1331556667,9.2188115],
[49.1331566667,9.2187805],
[49.1331613333,9.2187575],
[49.1331625,9.21874133333],
[49.1331635,9.21873],
[49.1331628333,9.21872166667],
[49.133163,9.2187135],
[49.1331623333,9.21870066667],
[49.1331613333,9.218684],
[49.133161,9.21866883333],
[49.1331613333,9.21865566667],
[49.1331608333,9.21864333333],
[49.13316,9.21862666667],
[49.1331606667,9.2186065],
[49.1331613333,9.21859333333],
[49.1331596667,9.21858633333],
[49.1331603333,9.21857983333],
[49.1331605,9.21857016667],
[49.1331608333,9.21856183333],
[49.1331606667,9.21855766667],
[49.1331606667,9.21855716667],
[49.133161,9.2185555],
[49.1331611667,9.21855266667],
[49.133162,9.2185495],
[49.1331621667,9.21854616667],
[49.1331621667,9.218538],
[49.1331608333,9.21852216667],
[49.133155,9.21849616667],
[49.1331418333,9.218466],
[49.1331203333,9.21843666667],
[49.13309,9.21841433333],
[49.1330531667,9.21839866667],
[49.1330115,9.21838833333],
[49.132971,9.21837633333],
[49.1329311667,9.218368],
[49.1328895,9.21836816667],
[49.1328491667,9.218367],
[49.13281,9.2183635],
[49.1327668333,9.21835783333],
[49.1327223333,9.2183545],
[49.1326825,9.2183465],
[49.1326403333,9.21834033333],
[49.1326041667,9.218325],
[49.1325681667,9.21831266667],
[49.1325363333,9.21830283333],
[49.1325141667,9.21829516667],
[49.1324878333,9.218275],
[49.1324731667,9.2182585],
[49.1324621667,9.21825833333],
[49.1324593333,9.218264],
[49.1324563333,9.21826933333],
[49.1324543333,9.21827266667],
[49.1324531667,9.2182745],
[49.132453,9.2182755],
[49.1324531667,9.2182765],
[49.132453,9.21827666667],
[49.1324526667,9.21827733333],
[49.1324523333,9.21827816667],
[49.1324521667,9.2182785],
[49.1324525,9.2182785],
[49.1324526667,9.21827916667],
[49.1324528333,9.21828016667],
[49.1324535,9.21828033333],
[49.132454,9.21828033333],
[49.1324548333,9.2182805],
[49.1324556667,9.21828],
[49.1324571667,9.21827916667],
[49.1324583333,9.21827883333],
[49.132459,9.218279],
[49.132459,9.21827966667],
[49.1324593333,9.21827883333],
[49.1324595,9.2182775],
[49.1324588333,9.218278],
[49.1324575,9.21827816667],
[49.1324566667,9.21827816667],
[49.1324556667,9.21827816667],
[49.132455,9.21827766667],
[49.1324545,9.21827716667],
[49.1324535,9.21827583333],
[49.1324525,9.21827433333],
[49.132452,9.21827266667],
[49.1324513333,9.2182715],
[49.132451,9.21826983333],
[49.132451,9.21826833333],
[49.1324511667,9.21826683333],
[49.1324506667,9.218265],
[49.13245,9.21826333333],
[49.1324493333,9.218262],
[49.1324486667,9.21826083333],
[49.1324481667,9.21825933333],
[49.1324476667,9.21825816667],
[49.1324435,9.21825333333],
[49.1324406667,9.21825033333],
[49.1324385,9.21824716667],
[49.1324335,9.21824066667],
[49.1324188333,9.21822966667],
[49.1323943333,9.21822266667],
[49.132361,9.21821733333],
[49.1323155,9.21821733333],
[49.1322676667,9.21820683333],
[49.1322151667,9.21819216667],
[49.132161,9.21817533333],
[49.132103,9.21816316667],
[49.1320398333,9.218151],
[49.1319761667,9.21814033333],
[49.1319111667,9.21812966667],
[49.1318391667,9.21811683333],
[49.1317605,9.21810166667],
[49.131677,9.2180825],
[49.1315891667,9.2180595],
[49.1315026667,9.218032],
[49.1314108333,9.2180035],
[49.1313166667,9.21797566667],
[49.1312213333,9.21794816667],
[49.131126,9.217921],
[49.131028,9.217892],
[49.130926,9.217862],
[49.1308216667,9.21782883333],
[49.1307188333,9.21779583333],
[49.1306175,9.21776283333],
[49.1305158333,9.2177265],
[49.1304086667,9.217695],
[49.1303005,9.21766616667],
[49.130192,9.21763983333],
[49.1300821667,9.21761816667],
[49.1299711667,9.21759883333],
[49.1298645,9.217576],
[49.129761,9.21755283333],
[49.1296593333,9.217529],
[49.1295558333,9.2175045],
[49.1294545,9.21747566667],
[49.129351,9.21744716667],
[49.129246,9.21742216667],
[49.1291386667,9.21740716667],
[49.1290361667,9.21739083333],
[49.128935,9.21737033333],
[49.1288325,9.21734766667],
[49.1287295,9.21732666667],
[49.1286233333,9.21730466667],
[49.1285133333,9.21728166667],
[49.1284083333,9.21725083333],
[49.1283025,9.2172235],
[49.1281906667,9.2172],
[49.1280776667,9.21717383333],
[49.1279678333,9.217147],
[49.1278611667,9.21711983333],
[49.1277548333,9.2170945],
[49.1276466667,9.21706816667],
[49.1275386667,9.21704016667],
[49.1274323333,9.217016],
[49.1273321667,9.216992],
[49.1272315,9.21697183333],
[49.127137,9.21695483333],
[49.127052,9.21694283333],
[49.1269788333,9.2169355],
[49.1269175,9.21693033333],
[49.1268613333,9.21692733333],
[49.1268085,9.21692566667],
[49.1267575,9.21692466667],
[49.1267076667,9.21692466667],
[49.126654,9.21692533333],
[49.1265925,9.21692616667],
[49.1265221667,9.216927],
[49.1264425,9.21693066667],
[49.1263578333,9.2169355],
[49.1262805,9.2169435],
[49.126223,9.21695133333],
[49.1261908333,9.21695433333],
[49.126169,9.21695733333],
[49.1261541667,9.21695783333],
[49.1261463333,9.21695766667],
[49.126145,9.21695633333],
[49.1261461667,9.21695583333],
[49.1261478333,9.2169555],
[49.1261478333,9.21695516667],
[49.126149,9.21695483333],
[49.1261496667,9.21695466667],
[49.1261501667,9.2169545],
[49.1261495,9.21695466667],
[49.1261491667,9.21695466667],
[49.1261493333,9.2169545],
[49.1261493333,9.21695483333],
[49.1261485,9.2169555],
[49.1261478333,9.216956],
[49.1261468333,9.216957],
[49.1261458333,9.21695766667],
[49.1261448333,9.2169585],
[49.1261436667,9.21695916667],
[49.1261426667,9.21695966667],
[49.1261415,9.21696033333],
[49.1261401667,9.21696116667],
[49.1261393333,9.2169615],
[49.1261383333,9.21696183333],
[49.1261371667,9.21696216667],
[49.1261361667,9.21696266667],
[49.126135,9.21696316667],
[49.1261326667,9.216963],
[49.126131,9.2169635],
[49.1261298333,9.21696366667],
[49.1261283333,9.216964],
[49.1261268333,9.21696416667],
[49.1261256667,9.2169645],
[49.1261246667,9.21696466667],
[49.1261236667,9.216965],
[49.126123,9.21696533333],
[49.1261223333,9.21696516667],
[49.1261218333,9.2169655],
[49.1261213333,9.21696516667],
[49.126121,9.216965],
[49.1261206667,9.21696466667],
[49.1261206667,9.21696466667],
[49.1261205,9.2169645],
[49.1261196667,9.21696383333],
[49.1261196667,9.21696316667],
[49.1261201667,9.21696283333],
[49.1261206667,9.21696266667],
[49.1261208333,9.21696266667],
[49.1261211667,9.21696316667],
[49.1261218333,9.216964],
[49.1261228333,9.21696483333],
[49.1261235,9.21696566667],
[49.1261238333,9.21696633333],
[49.1261235,9.21696716667],
[49.126123,9.216968],
[49.1261231667,9.216969],
[49.126115,9.2169705],
[49.1260891667,9.21697366667],
[49.1260483333,9.21697866667],
[49.1260036667,9.216985],
[49.12595,9.21699333333],
[49.125885,9.21700483333],
[49.1258156667,9.21701966667],
[49.1257408333,9.21703866667],
[49.1256596667,9.21706183333],
[49.1255726667,9.2170875],
[49.125479,9.21711833333],
[49.1253821667,9.21715266667],
[49.1252813333,9.21719116667],
[49.1251763333,9.21723283333],
[49.1250725,9.21727316667],
[49.124968,9.2173105],
[49.1248623333,9.21734566667],
[49.124754,9.21737833333],
[49.1246443333,9.21740616667],
[49.1245333333,9.2174275],
[49.1244213333,9.217444],
[49.124314,9.21745116667],
[49.1242068333,9.21745516667],
[49.1240993333,9.2174555],
[49.1239915,9.2174535],
[49.1238865,9.21744466667],
[49.1237795,9.21743416667],
[49.1236721667,9.21741616667],
[49.1235651667,9.21739],
[49.1234558333,9.21736166667],
[49.1233471667,9.2173285],
[49.1232378333,9.21728933333],
[49.123127,9.2172465],
[49.1230165,9.21720333333],
[49.1229075,9.21715833333],
[49.1228,9.21711266667],
[49.1226945,9.21706683333],
[49.1225895,9.21702183333],
[49.1224853333,9.216975],
[49.1223813333,9.21692983333],
[49.1222776667,9.21687883333],
[49.1221741667,9.21682933333],
[49.1220723333,9.2167805],
[49.1219725,9.21673216667],
[49.1218748333,9.21668533333],
[49.1217801667,9.216638],
[49.1216883333,9.21658583333],
[49.1216015,9.21653066667],
[49.1215176667,9.216475],
[49.1214335,9.2164255],
[49.121349,9.21638166667],
[49.1212701667,9.21634566667],
[49.1212005,9.21631583333],
[49.1211398333,9.21628866667],
[49.121089,9.216259],
[49.1210508333,9.216221],
[49.1210255,9.21617216667],
[49.1210071667,9.21610466667],
[49.120991,9.21601683333],
[49.1209761667,9.2159195],
[49.1209633333,9.21581016667],
[49.1209506667,9.215688],
[49.120938,9.21555683333],
[49.1209266667,9.21541866667],
[49.120916,9.21527316667],
[49.1209063333,9.21512566667],
[49.1208988333,9.21497733333],
[49.1208943333,9.21483016667],
[49.1208933333,9.2146795],
[49.1208961667,9.21452833333],
[49.1209051667,9.21437416667],
[49.1209198333,9.214223],
[49.120939,9.2140695],
[49.1209631667,9.213921],
[49.1209946667,9.21377366667],
[49.1210321667,9.21362666667],
[49.1210748333,9.21348283333],
[49.12112,9.21334016667],
[49.1211713333,9.21320166667],
[49.1212226667,9.21306516667],
[49.1212698333,9.21293166667],
[49.121315,9.21279733333],
[49.1213561667,9.21266116667],
[49.1213928333,9.212523],
[49.1214223333,9.2123835],
[49.1214485,9.212241],
[49.1214711667,9.21209533333],
[49.1214898333,9.211945],
[49.1215043333,9.2117925],
[49.1215178333,9.21163633333],
[49.121531,9.21148066667],
[49.1215448333,9.21132316667],
[49.1215588333,9.21116733333],
[49.1215711667,9.2110125],
[49.1215843333,9.21086333333],
[49.121597,9.2107175],
[49.1216101667,9.210572],
[49.1216233333,9.210427],
[49.1216381667,9.21029],
[49.121653,9.2101595],
[49.1216673333,9.21002466667],
[49.1216768333,9.209876],
[49.1216875,9.20972433333],
[49.1216986667,9.20956816667],
[49.1217125,9.20940433333],
[49.1217263333,9.20924266667],
[49.1217415,9.20907633333],
[49.121756,9.20890516667],
[49.1217721667,9.2087385],
[49.1217895,9.20857133333],
[49.1218125,9.20840716667],
[49.1218251667,9.2082425],
[49.1218431667,9.2080815],
[49.1218611667,9.2079245],
[49.1218808333,9.20777616667],
[49.1218958333,9.2076295],
[49.1219165,9.20749033333],
[49.1219428333,9.20735883333],
[49.1219683333,9.20723583333],
[49.121993,9.2071225],
[49.1220215,9.207021],
[49.1220593333,9.20694183333],
[49.122106,9.206878],
[49.122161,9.2068355],
[49.122224,9.20680566667],
[49.1222933333,9.20678683333],
[49.122367,9.20677733333],
[49.1224463333,9.20677816667],
[49.12253,9.20678116667],
[49.1226158333,9.20678883333],
[49.1227031667,9.20680966667],
[49.1227896667,9.20683833333],
[49.1228761667,9.20687833333],
[49.122965,9.20692033333],
[49.1230518333,9.20696816667],
[49.123138,9.207017],
[49.1232183333,9.207065],
[49.1232941667,9.20711366667],
[49.1233581667,9.2071565],
[49.1234151667,9.20719383333],
[49.123455,9.2072225],
[49.1234888333,9.20724833333],
[49.1235098333,9.20727466667],
[49.1235266667,9.2073085],
[49.1235381667,9.20734483333],
[49.1235435,9.20738333333],
[49.1235425,9.20742883333],
[49.1235398333,9.20747916667],
[49.123534,9.2075365],
[49.1235305,9.2075935],
[49.1235273333,9.20764683333],
[49.123525,9.20769916667],
[49.123523,9.207746],
[49.1235211667,9.207788],
[49.1235195,9.20782766667],
[49.1235146667,9.20787166667],
[49.1235088333,9.20792033333],
[49.1235055,9.20796816667],
[49.1235065,9.20801433333],
[49.1235066667,9.20805733333],
[49.1235055,9.20808616667],
[49.1235045,9.20810133333],
[49.1235046667,9.20810583333],
[49.1235056667,9.20810733333],
[49.1235065,9.20810883333],
[49.1235071667,9.2081105],
[49.123508,9.2081115],
[49.1235083333,9.2081125],
[49.1235085,9.20811333333],
[49.1235091667,9.208114],
[49.1235096667,9.2081145],
[49.1235098333,9.2081155],
[49.1235098333,9.20811616667],
[49.12351,9.20811666667],
[49.1235103333,9.208117],
[49.1235108333,9.20811733333],
[49.1235111667,9.20811683333],
[49.1235111667,9.2081105],
[49.1235113333,9.20810233333],
[49.1235113333,9.2080895],
[49.123512,9.20807616667],
[49.1235118333,9.20806316667],
[49.1235128333,9.2080495],
[49.1235156667,9.20803566667],
[49.12352,9.20801866667],
[49.1235256667,9.20800233333],
[49.123528,9.2079945],
[49.1235303333,9.20799016667],
[49.1235288333,9.2079895],
[49.1235191667,9.207992],
[49.1235025,9.20799216667],
[49.1234798333,9.2079925],
[49.123454,9.20799233333],
[49.1234248333,9.207991],
[49.1233938333,9.207989],
[49.1233615,9.20798683333],
[49.1233276667,9.20798466667],
[49.1232925,9.20798533333],
[49.1232585,9.20798466667],
[49.1232251667,9.20798266667],
[49.1231911667,9.2079815],
[49.1231605,9.20797966667],
[49.1231368333,9.20797533333],
[49.1231131667,9.2079785],
[49.1230921667,9.20798816667],
[49.1230758333,9.20800616667],
[49.1230658333,9.20803333333],
[49.1230613333,9.20806483333],
[49.1230583333,9.20809416667],
[49.123056,9.20811933333],
[49.1230521667,9.20813733333],
[49.1230431667,9.20815],
[49.1230341667,9.208157],
[49.1230268333,9.20815916667],
[49.1230213333,9.20815933333],
[49.123018,9.208157],
[49.1230158333,9.208154],
[49.1230153333,9.20815283333],
[49.123015,9.20815283333],
[49.1230153333,9.20815333333],
[49.1230116667,9.208153],
[49.1230115,9.20815416667],
[49.1230106667,9.2081565],
[49.1230111667,9.20815816667],
[49.1230111667,9.20816016667],
[49.1230116667,9.20816166667],
[49.1230128333,9.20816316667],
[49.1230143333,9.208164],
[49.1230156667,9.208165],
[49.123017,9.20816583333],
[49.1230188333,9.20816666667],
[49.1230203333,9.20816733333],
[49.1230221667,9.20816816667],
[49.1230241667,9.20816866667],
[49.1230263333,9.20816916667],
[49.1230285,9.20816966667],
[49.1230303333,9.20816983333],
[49.1230325,9.20816983333],
[49.1230345,9.20816983333],
[49.1230365,9.20817],
[49.1230386667,9.20816983333],
[49.1230406667,9.2081695],
[49.1230425,9.2081695],
[49.1230441667,9.20816933333],
[49.1230453333,9.208169],
[49.1230466667,9.2081685],
[49.1230481667,9.20816816667],
[49.12305,9.208168],
[49.1230516667,9.20816733333],
[49.1230536667,9.20816583333],
[49.1230555,9.20816433333],
[49.1230573333,9.2081625],
[49.1230593333,9.2081615],
